# z=0.000677
# A_B=0.081,A_V=0.061, A_R=0.081,A_I=0
# FLT,MJD,MAG,MAGERR
R,56677.68443724,11.3932586807338,0.01
R,56678.31205141,11.00561836355,0.01
B,56678.869,12.966,0.01
V,56678.869,11.721,0.01
I,56678.87,10.626,0.01
R,56678.87,11.105,0.01
V,56678.87690354,11.9494379545218,0.01
R,56678.90828613,11.1235949161792,0.01
R,56679.06518967,11.0561795725355,0.01
B,56679.37,13.185,0.01
I,56679.37,10.849,0.01
R,56679.37,11.155,0.01
V,56679.37,11.820,0.01
B,56679.66142439,12.8426963365081,0.01
R,56679.66142439,10.9550559595749,0.01
R,56679.69280384,10.8707864812728,0.01
B,56679.866,12.695,0.01
I,56679.867,10.358,0.01
R,56679.867,10.859,0.01
V,56679.867,11.482,0.01
B,56679.88108997,13.0617976970876,0.01
R,56679.88108997,10.8876406159311,0.01
V,56679.88108997,11.6629212502986,0.01
R,56679.94385202,10.803371137629,0.01
R,56680.03799352,10.8876406159311,0.01
B,56680.37,12.847,0.01
I,56680.37,10.531,0.01
R,56680.37,10.846,0.01
V,56680.37,11.546,0.01
B,56680.5646,12.746,0.01
V,56680.5682,11.529,0.01
B,56680.6313,12.785,0.01
B,56680.63422823,12.5730337669433,0.01
V,56680.6349,11.528,0.01
B,56680.94803532,12.8089892621811,0.01
R,56680.94803532,10.634830986035,0.01
V,56680.94803532,11.3764045460754,0.01
B,56681.3638,12.592,0.01
V,56681.3674,11.397,0.01
B,56681.4304,12.6,0.01
V,56681.434,11.403,0.01
B,56681.63,12.49,0.01
I,56681.63,10.03,0.01
R,56681.63,10.52,0.01
V,56681.63,11.2,0.01
V,56681.76393562,11.1741573201543,0.01
B,56681.79531508,12.4213477500077,0.01
R,56681.79531508,10.4662920294307,0.01
B,56681.828,12.329,0.01
R,56681.829,10.527,0.01
V,56681.829,11.129,0.01
I,56681.83,10.041,0.01
B,56682.0362,12.513,0.01
V,56682.0396,11.277,0.01
B,56682.33,12.473,0.01
I,56682.33,10.216,0.01
R,56682.33,10.580,0.01
V,56682.33,11.233,0.01
R,56682.64259484,10.3651684164702,0.01
V,56682.64259484,11.0393254378771,0.01
B,56682.874,12.209,0.01
R,56682.875,10.412,0.01
V,56682.875,11,0.01
I,56682.876,9.911,0.01
R,56682.98778451,10.4494378947723,0.01
R,56683.01916397,10.4325837601139,0.01
B,56683.37,12.335,0.01
I,56683.37,10.105,0.01
R,56683.37,10.462,0.01
V,56683.37,11.028,0.01
B,56683.3771,12.373,0.01
V,56683.3807,11.139,0.01
B,56683.4316,12.323,0.01
V,56683.4352,11.147,0.01
B,56683.67816072,12.2191017190763,0.01
R,56683.67816072,10.280898938168,0.01
B,56683.857,12.105,0.01
R,56683.858,10.331,0.01
V,56683.858,10.892,0.01
I,56683.859,9.833,0.01
B,56684.0,12.142,0.01
I,56684.0,9.802,0.01
R,56684.0,10.282,0.01
V,56684.0,10.921,0.01
B,56684.36,12.239,0.01
I,56684.36,10.070,0.01
R,56684.36,10.310,0.01
V,56684.36,10.942,0.01
B,56684.3641,12.243,0.01
V,56684.3677,11.005,0.01
B,56684.4307,12.233,0.01
V,56684.4344,11.04,0.01
B,56684.61958198,12.0674157021407,0.01
B,56684.65096457,12.2191017190763,0.01
V,56684.65096457,10.8876406159311,0.01
R,56684.68234403,10.2640448035096,0.01
B,56684.99615111,12.1685393151012,0.01
R,56684.99615111,10.280898938168,0.01
R,56684.99615111,10.3314601471534,0.01
V,56684.99615111,10.9213488852479,0.01
R,56685.0275337,10.3483142818118,0.01
B,56685.62376841,12.0000003584969,0.01
B,56685.6439,12.156,0.01
V,56685.6475,10.921,0.01
R,56685.65514787,10.3820225511285,0.01
B,56685.7,12.08,0.01
I,56685.7,9.77,0.01
R,56685.7,10.24,0.01
V,56685.7,10.77,0.01
B,56685.7105,12.141,0.01
V,56685.7142,10.903,0.01
R,56686.00033754,10.3483142818118,0.01
R,56686.06309646,10.3483142818118,0.01
V,56686.09447904,10.8539323466144,0.01
B,56686.1258585,12.033707432824,0.01
R,56686.1258585,10.2134835945242,0.01
B,56686.63,11.99,0.01
I,56686.63,9.72,0.01
R,56686.63,10.16,0.01
V,56686.63,10.7,0.01
B,56686.69071376,12.0505615674823,0.01
R,56686.69071376,10.1629211905491,0.01
V,56686.69071376,10.803371137629,0.01
B,56686.7761,12.146,0.01
V,56686.7797,10.872,0.01
B,56686.8455,12.094,0.01
V,56686.8492,10.85,0.01
B,56687.67,11.98,0.01
I,56687.67,9.72,0.01
R,56687.67,10.14,0.01
V,56687.67,10.67,0.01
B,56687.8954,12.052,0.01
V,56687.899,10.802,0.01
B,56687.9644,12.056,0.01
V,56687.968,10.781,0.01
R,56688.19699028,10.1123599815637,0.01
V,56688.19699028,10.7191016593268,0.01
B,56688.22836973,12.0505615674823,0.01
B,56688.2974,12.015,0.01
V,56688.3011,10.765,0.01
B,56688.3639,12.065,0.01
V,56688.3675,10.804,0.01
B,56688.63,11.95,0.01
I,56688.63,9.71,0.01
R,56688.63,10.11,0.01
V,56688.63,10.61,0.01
B,56688.8,11.846,0.01
I,56688.8,9.697,0.01
R,56688.8,10.093,0.01
V,56688.8,10.669,0.01
B,56688.893,11.888,0.01
R,56688.894,10.141,0.01
V,56688.894,10.621,0.01
I,56688.895,9.768,0.01
B,56689.3042,12.059,0.01
V,56689.3078,10.795,0.01
B,56689.3625,12.062,0.01
V,56689.3661,10.797,0.01
B,56689.39,12.037,0.01
I,56689.39,9.970,0.01
R,56689.39,10.192,0.01
V,56689.39,10.689,0.01
B,56689.801,11.86,0.01
V,56689.801,10.601,0.01
I,56689.802,9.787,0.01
R,56689.802,10.124,0.01
B,56690.20535688,11.9831474188282,0.01
V,56690.20535688,10.7022499146479,0.01
R,56690.23673634,10.0955058469053,0.01
B,56690.2969,12.081,0.01
B,56690.30,12.028,0.01
I,56690.30,9.977,0.01
R,56690.30,10.185,0.01
V,56690.30,10.661,0.01
V,56690.3005,10.769,0.01
B,56690.3637,12.064,0.01
V,56690.3674,10.772,0.01
B,56690.68,11.85,0.01
I,56690.68,9.86,0.01
R,56690.68,10.05,0.01
V,56690.68,10.56,0.01
B,56691.0,11.971,0.01
I,56691.0,9.827,0.01
R,56691.0,10.040,0.01
V,56691.0,10.622,0.01
B,56691.4301,12.071,0.01
V,56691.4337,10.744,0.01
B,56691.4964,12.073,0.01
V,56691.5,10.764,0.01
B,56691.7,11.88,0.01
I,56691.7,9.9,0.01
R,56691.7,10.06,0.01
V,56691.7,10.57,0.01
B,56692.0,11.931,0.01
I,56692.0,9.858,0.01
R,56692.0,10.071,0.01
V,56692.0,10.588,0.01
B,56692.2962,12.118,0.01
V,56692.2999,10.722,0.01
B,56692.368,12.106,0.01
V,56692.3717,10.749,0.01
B,56692.67,11.91,0.01
I,56692.67,9.93,0.01
R,56692.67,10.08,0.01
V,56692.67,10.58,0.01
B,56693.0,11.965,0.01
I,56693.0,9.819,0.01
R,56693.0,10.078,0.01
V,56693.0,10.584,0.01
B,56693.6291,12.089,0.01
V,56693.6327,10.73,0.01
B,56693.67,11.94,0.01
I,56693.67,9.95,0.01
R,56693.67,10.08,0.01
V,56693.67,10.59,0.01
B,56693.6958,12.143,0.01
V,56693.6994,10.803,0.01
B,56693.99,12.01,0.01
I,56693.99,9.99,0.01
R,56693.99,10.11,0.01
V,56693.99,10.65,0.01
B,56694.68,11.99,0.01
I,56694.68,9.99,0.01
R,56694.68,10.12,0.01
V,56694.68,10.61,0.01
B,56695.4959,12.188,0.01
V,56695.4996,10.775,0.01
B,56695.5626,12.188,0.01
V,56695.5662,10.775,0.01
B,56695.66,12.03,0.01
I,56695.66,10.02,0.01
R,56695.66,10.17,0.01
V,56695.66,10.63,0.01
B,56696.63,12.215,0.01
V,56696.6337,10.797,0.01
B,56696.6968,12.3,0.01
V,56696.7004,10.815,0.01
B,56697.2992,12.319,0.01
V,56697.3028,10.816,0.01
B,56697.3658,12.294,0.01
V,56697.3695,10.829,0.01
B,56698.631,12.381,0.01
V,56698.6346,10.93,0.01
B,56698.6952,12.374,0.01
V,56698.6988,10.884,0.01
B,56699.2372,12.451,0.01
V,56699.2408,10.904,0.01
B,56699.2952,12.46,0.01
V,56699.2989,10.928,0.01
B,56699.67,12.29,0.01
I,56699.67,10.27,0.01
R,56699.67,10.42,0.01
V,56699.67,10.82,0.01
I,56699.918,10.302,0.01
R,56699.918,10.536,0.01
V,56699.928,10.975,0.01
B,56699.931,12.408,0.01
B,56700.43,12.542,0.01
I,56700.43,10.495,0.01
R,56700.43,10.702,0.01
V,56700.43,10.982,0.01
B,56700.7,12.39,0.01
I,56700.7,10.32,0.01
R,56700.7,10.52,0.01
V,56700.7,10.89,0.01
I,56700.802,10.298,0.01
B,56700.804,12.426,0.01
V,56700.804,10.948,0.01
R,56700.806,10.591,0.01
B,56701.30,12.646,0.01
I,56701.30,10.551,0.01
R,56701.30,10.838,0.01
V,56701.30,11.129,0.01
B,56701.4285,12.61,0.01
V,56701.4322,11.052,0.01
B,56701.4952,12.595,0.01
V,56701.4988,11.042,0.01
B,56701.793,12.513,0.01
V,56701.793,10.996,0.01
R,56701.794,10.652,0.01
I,56701.796,10.337,0.01
B,56701.8,12.48,0.01
I,56701.8,10.37,0.01
R,56701.8,10.6,0.01
V,56701.8,10.95,0.01
B,56701.95,12.55,0.01
I,56701.95,10.38,0.01
R,56701.95,10.57,0.01
V,56701.95,10.94,0.01
B,56702.8286,12.732,0.01
V,56702.8322,11.123,0.01
B,56702.844,12.625,0.01
V,56702.845,11.104,0.01
I,56702.846,10.38,0.01
R,56702.846,10.735,0.01
B,56702.8953,12.698,0.01
V,56702.8989,11.116,0.01
B,56703.0,12.818,0.01
I,56703.0,10.367,0.01
R,56703.0,10.655,0.01
V,56703.0,11.136,0.01
B,56703.34,12.887,0.01
I,56703.34,10.599,0.01
R,56703.34,10.801,0.01
V,56703.34,11.165,0.01
B,56703.7628,12.822,0.01
V,56703.7664,11.163,0.01
B,56704.831,12.85,0.01
R,56704.832,10.816,0.01
V,56704.832,11.228,0.01
I,56704.833,10.388,0.01
B,56705.33,13.066,0.01
I,56705.33,10.594,0.01
R,56705.33,10.885,0.01
V,56705.33,11.223,0.01
B,56705.4952,12.961,0.01
V,56705.4989,11.265,0.01
B,56705.5619,12.985,0.01
V,56705.5655,11.29,0.01
B,56705.822,12.932,0.01
R,56705.823,10.846,0.01
V,56705.823,11.28,0.01
I,56705.824,10.39,0.01
B,56706.2,13.211,0.01
I,56706.2,10.348,0.01
R,56706.2,10.835,0.01
V,56706.2,11.345,0.01
B,56706.32,13.115,0.01
I,56706.32,10.603,0.01
R,56706.32,10.929,0.01
V,56706.32,11.311,0.01
B,56706.67,13,0.01
I,56706.67,10.39,0.01
R,56706.67,10.81,0.01
V,56706.67,11.25,0.01
B,56706.7654,13.146,0.01
V,56706.7691,11.332,0.01
B,56706.8286,13.126,0.01
V,56706.8322,11.336,0.01
B,56707.72,13.19,0.01
R,56707.72,10.77,0.01
V,56707.72,11.28,0.01
B,56707.73,13.08,0.01
I,56707.73,10.37,0.01
R,56707.73,10.81,0.01
V,56707.73,11.29,0.01
B,56707.7619,13.191,0.01
V,56707.7655,11.352,0.01
V,56707.766,11.33,0.01
B,56707.767,13.105,0.01
I,56707.767,10.307,0.01
R,56707.767,10.827,0.01
B,56707.8285,13.216,0.01
V,56707.8322,11.37,0.01
B,56708.27,13.335,0.01
I,56708.27,10.579,0.01
R,56708.27,10.908,0.01
V,56708.27,11.508,0.01
B,56708.5626,13.32,0.01
V,56708.5662,11.414,0.01
B,56708.6292,13.281,0.01
V,56708.6329,11.415,0.01
B,56708.84,13.208,0.01
I,56708.841,10.291,0.01
R,56708.841,10.863,0.01
V,56708.841,11.39,0.01
B,56709.0,13.538,0.01
I,56709.0,10.280,0.01
R,56709.0,10.770,0.01
V,56709.0,11.362,0.01
B,56709.34,13.427,0.01
I,56709.34,10.468,0.01
R,56709.34,10.919,0.01
V,56709.34,11.388,0.01
B,56709.791,13.28,0.01
R,56709.792,10.839,0.01
V,56709.792,11.412,0.01
I,56709.793,10.231,0.01
B,56709.8293,13.414,0.01
V,56709.8329,11.475,0.01
B,56709.9646,13.408,0.01
B,56710.29,13.544,0.01
I,56710.29,10.593,0.01
R,56710.29,11.028,0.01
V,56710.29,11.460,0.01
B,56710.748,13.347,0.01
V,56710.748,11.43,0.01
I,56710.749,10.223,0.01
R,56710.749,10.832,0.01
B,56710.85,13.4,0.01
I,56710.85,10.29,0.01
R,56710.85,10.81,0.01
V,56710.85,11.41,0.01
B,56711.25,13.640,0.01
I,56711.25,10.493,0.01
R,56711.25,10.920,0.01
V,56711.25,11.520,0.01
B,56711.68,13.49,0.01
I,56711.68,10.27,0.01
R,56711.68,10.81,0.01
V,56711.68,11.45,0.01
B,56711.75,13.56,0.01
I,56711.75,10.21,0.01
R,56711.75,10.76,0.01
V,56711.75,11.43,0.01
B,56711.756,13.442,0.01
V,56711.757,11.469,0.01
I,56711.758,10.204,0.01
R,56711.758,10.841,0.01
B,56712.0,13.745,0.01
I,56712.0,10.122,0.01
R,56712.0,10.789,0.01
V,56712.0,11.458,0.01
B,56712.26,13.741,0.01
I,56712.26,10.497,0.01
R,56712.26,10.946,0.01
V,56712.26,11.583,0.01
B,56712.795,13.539,0.01
R,56712.796,10.871,0.01
V,56712.796,11.517,0.01
I,56712.797,10.188,0.01
B,56713.0327,13.721,0.01
V,56713.0364,11.564,0.01
B,56713.0994,13.718,0.01
V,56713.103,11.589,0.01
B,56713.29,13.831,0.01
I,56713.29,10.446,0.01
R,56713.29,10.983,0.01
V,56713.29,11.561,0.01
B,56713.72,13.8,0.01
I,56713.72,10.13,0.01
R,56713.72,10.84,0.01
V,56713.72,11.51,0.01
B,56713.76,13.607,0.01
R,56713.761,10.902,0.01
V,56713.761,11.565,0.01
I,56713.762,10.173,0.01
B,56713.9,13.71,0.01
I,56713.9,10.12,0.01
R,56713.9,10.8,0.01
V,56713.9,11.47,0.01
B,56714.26,14.019,0.01
I,56714.26,10.367,0.01
R,56714.26,11.006,0.01
V,56714.26,11.588,0.01
B,56714.68,13.84,0.01
I,56714.68,10.11,0.01
R,56714.68,10.85,0.01
V,56714.68,11.54,0.01
B,56714.92,13.79,0.01
I,56714.92,10.13,0.01
R,56714.92,10.81,0.01
V,56714.92,11.53,0.01
B,56715.81,14.04,0.01
I,56715.81,10.14,0.01
R,56715.81,10.9,0.01
V,56715.81,11.63,0.01
B,56715.91,13.9,0.01
I,56715.91,10.12,0.01
R,56715.91,10.85,0.01
V,56715.91,11.58,0.01
B,56716.73,14.13,0.01
I,56716.73,10.16,0.01
R,56716.73,10.94,0.01
V,56716.73,11.67,0.01
B,56717.8,14.521,0.01
I,56717.8,10.184,0.01
R,56717.8,10.995,0.01
V,56717.8,11.726,0.01
B,56717.92,14.08,0.01
I,56717.92,10.08,0.01
R,56717.92,10.86,0.01
V,56717.92,11.65,0.01
R,56718.864,11.064,0.01
B,56718.865,14.073,0.01
I,56718.865,10.16,0.01
V,56718.866,11.848,0.01
B,56719.36,14.411,0.01
I,56719.36,10.304,0.01
R,56719.36,11.092,0.01
V,56719.36,11.850,0.01
B,56719.68,14.11,0.01
I,56719.68,10.18,0.01
R,56719.68,10.94,0.01
V,56719.68,11.81,0.01
V,56720.77,11.954,0.01
I,56720.771,10.21,0.01
R,56720.771,11.158,0.01
B,56720.773,14.181,0.01
B,56721.27,14.453,0.01
I,56721.27,10.384,0.01
R,56721.27,11.207,0.01
V,56721.27,11.981,0.01
B,56722.749,14.296,0.01
V,56722.75,12.064,0.01
I,56722.751,10.298,0.01
R,56722.751,11.269,0.01
B,56723.25,14.626,0.01
I,56723.25,10.498,0.01
R,56723.25,11.345,0.01
V,56723.25,12.150,0.01
B,56723.3958,14.504,0.01
V,56723.4014,12.109,0.01
B,56723.748,14.335,0.01
V,56723.748,12.122,0.01
I,56723.749,10.369,0.01
R,56723.749,11.336,0.01
B,56724.25,14.703,0.01
I,56724.25,10.640,0.01
R,56724.25,11.426,0.01
V,56724.25,12.148,0.01
B,56724.749,14.361,0.01
R,56724.75,11.369,0.01
V,56724.75,12.146,0.01
I,56724.751,10.443,0.01
B,56724.9,14.822,0.01
I,56724.9,10.425,0.01
R,56724.9,11.326,0.01
V,56724.9,12.179,0.01
B,56725.25,14.758,0.01
I,56725.25,10.693,0.01
R,56725.25,11.514,0.01
V,56725.25,12.176,0.01
R,56725.798,11.374,0.01
V,56725.798,12.189,0.01
I,56725.805,10.518,0.01
B,56726.0,14.944,0.01
I,56726.0,10.480,0.01
R,56726.0,11.371,0.01
V,56726.0,12.152,0.01
V,56726.751,12.227,0.01
B,56726.752,14.341,0.01
I,56726.752,10.586,0.01
R,56726.752,11.456,0.01
B,56727.0,15.009,0.01
I,56727.0,10.545,0.01
R,56727.0,11.457,0.01
V,56727.0,12.250,0.01
B,56727.25,14.716,0.01
I,56727.25,10.737,0.01
R,56727.25,11.506,0.01
V,56727.25,12.276,0.01
B,56727.5901,14.802,0.01
V,56727.5936,12.323,0.01
B,56727.722,14.425,0.01
V,56727.723,12.296,0.01
I,56727.724,10.651,0.01
R,56727.724,11.562,0.01
B,56728.0,14.969,0.01
I,56728.0,10.632,0.01
R,56728.0,11.537,0.01
V,56728.0,12.343,0.01
B,56728.22,14.814,0.01
I,56728.22,10.837,0.01
R,56728.22,11.619,0.01
V,56728.22,12.272,0.01
B,56728.771,14.527,0.01
V,56728.771,12.364,0.01
I,56728.772,10.72,0.01
R,56728.772,11.614,0.01
B,56729.0,15.060,0.01
I,56729.0,10.687,0.01
R,56729.0,11.550,0.01
V,56729.0,12.367,0.01
B,56729.27,14.866,0.01
I,56729.27,10.939,0.01
R,56729.27,11.724,0.01
V,56729.27,12.469,0.01
B,56729.736,14.549,0.01
V,56729.736,12.393,0.01
I,56729.737,10.78,0.01
R,56729.737,11.662,0.01
B,56730.24,14.853,0.01
I,56730.24,11.008,0.01
R,56730.24,11.586,0.01
V,56730.24,12.564,0.01
B,56730.772,14.596,0.01
V,56730.773,12.457,0.01
I,56730.774,10.851,0.01
R,56730.774,11.739,0.01
B,56730.9,15.003,0.01
I,56730.9,10.643,0.01
R,56730.9,11.650,0.01
V,56730.9,12.438,0.01
B,56731.0585,14.864,0.01
V,56731.0626,12.439,0.01
B,56731.27,14.903,0.01
I,56731.27,11.017,0.01
R,56731.27,11.755,0.01
V,56731.27,12.492,0.01
B,56731.4052,14.894,0.01
V,56731.4071,12.474,0.01
B,56731.5859,14.897,0.01
V,56731.5888,12.468,0.01
B,56732.785,14.603,0.01
V,56732.785,12.49,0.01
I,56732.786,10.925,0.01
R,56732.786,11.779,0.01
B,56733.29,15.007,0.01
I,56733.29,11.131,0.01
R,56733.29,11.912,0.01
V,56733.29,12.673,0.01
B,56734.779,14.68,0.01
V,56734.78,12.58,0.01
I,56734.781,11.072,0.01
R,56734.781,11.874,0.01
B,56735.2504,14.897,0.01
V,56735.2578,12.582,0.01
B,56735.28,14.965,0.01
I,56735.28,11.288,0.01
R,56735.28,11.951,0.01
V,56735.28,12.639,0.01
B,56736.749,14.722,0.01
R,56736.75,11.984,0.01
V,56736.75,12.671,0.01
I,56736.751,11.174,0.01
B,56736.9,15.042,0.01
I,56736.9,11.148,0.01
R,56736.9,11.904,0.01
V,56736.9,12.659,0.01
B,56737.25,14.988,0.01
I,56737.25,11.322,0.01
R,56737.25,11.948,0.01
V,56737.25,12.674,0.01
B,56738.786,14.727,0.01
R,56738.787,12.03,0.01
V,56738.787,12.706,0.01
I,56738.788,11.277,0.01
B,56739.0,15.124,0.01
I,56739.0,11.034,0.01
R,56739.0,11.958,0.01
V,56739.0,12.714,0.01
B,56739.29,15.017,0.01
I,56739.29,11.421,0.01
R,56739.29,12.086,0.01
V,56739.29,12.734,0.01
B,56739.6573,14.982,0.01
V,56739.6651,12.712,0.01
I,56739.76,11.273,0.01
R,56739.76,12.04,0.01
V,56739.76,12.688,0.01
B,56739.761,14.716,0.01
B,56740.743,14.768,0.01
R,56740.744,12.103,0.01
V,56740.744,12.752,0.01
I,56740.745,11.369,0.01
B,56741.24,15.044,0.01
I,56741.24,11.502,0.01
R,56741.24,12.147,0.01
V,56741.24,12.784,0.01
B,56741.9,15.169,0.01
I,56741.9,11.238,0.01
R,56741.9,12.035,0.01
V,56741.9,12.792,0.01
B,56742.8,15.156,0.01
I,56742.8,11.371,0.01
R,56742.8,12.065,0.01
V,56742.8,12.809,0.01
B,56743.724,15.034,0.01
V,56743.7272,12.83,0.01
B,56743.816,14.779,0.01
V,56743.817,12.82,0.01
I,56743.818,11.484,0.01
R,56743.818,12.178,0.01
B,56744.32,15.058,0.01
I,56744.32,11.769,0.01
R,56744.32,12.244,0.01
V,56744.32,12.919,0.01
B,56744.8,15.142,0.01
I,56744.8,11.370,0.01
R,56744.8,11.920,0.01
V,56744.8,12.855,0.01
B,56746.0,15.198,0.01
I,56746.0,11.411,0.01
R,56746.0,12.092,0.01
V,56746.0,12.916,0.01
B,56746.9,15.200,0.01
I,56746.9,11.480,0.01
R,56746.9,12.060,0.01
V,56746.9,12.938,0.01
B,56749.0476,15.212,0.01
V,56749.0511,12.927,0.01
B,56749.914,15.077,0.01
V,56749.9176,12.984,0.01
B,56751.8,15.223,0.01
I,56751.8,11.711,0.01
R,56751.8,12.318,0.01
V,56751.8,13.045,0.01
B,56752.775,14.976,0.01
V,56752.776,13.115,0.01
I,56752.777,11.921,0.01
R,56752.777,12.505,0.01
B,56753.28,15.182,0.01
I,56753.28,12.058,0.01
R,56753.28,12.534,0.01
V,56753.28,13.135,0.01
B,56753.7126,15.093,0.01
V,56753.7162,13.036,0.01
B,56753.7774,15.002,0.01
V,56753.781,13.074,0.01
B,56754.758,14.942,0.01
V,56754.758,13.14,0.01
I,56754.759,11.99,0.01
R,56754.759,12.542,0.01
B,56754.8,15.248,0.01
I,56754.8,11.790,0.01
R,56754.8,12.420,0.01
V,56754.8,13.124,0.01
B,56755.26,15.225,0.01
I,56755.26,12.160,0.01
R,56755.26,12.602,0.01
V,56755.26,13.194,0.01
B,56756.754,14.973,0.01
V,56756.754,13.184,0.01
I,56756.755,12.068,0.01
R,56756.755,12.608,0.01
B,56757.043,15.132,0.01
V,56757.0466,13.232,0.01
B,56757.25,15.268,0.01
I,56757.25,12.278,0.01
R,56757.25,12.722,0.01
V,56757.25,13.266,0.01
B,56757.4424,15.104,0.01
V,56757.4461,13.175,0.01
B,56757.5146,15.014,0.01
B,56757.843,15.14,0.01
V,56757.8466,13.159,0.01
V,56758.768,13.252,0.01
B,56758.769,15.049,0.01
R,56758.769,12.679,0.01
I,56758.771,12.164,0.01
B,56760.79,15.044,0.01
R,56760.791,12.737,0.01
V,56760.791,13.308,0.01
I,56760.792,12.224,0.01
B,56761.29,15.277,0.01
I,56761.29,12.423,0.01
R,56761.29,12.801,0.01
V,56761.29,13.370,0.01
B,56762.778,15.06,0.01
V,56762.779,13.356,0.01
I,56762.78,12.333,0.01
R,56762.78,12.807,0.01
B,56763.28,15.272,0.01
I,56763.28,12.469,0.01
R,56763.28,12.884,0.01
V,56763.28,13.429,0.01
B,56764.754,15.074,0.01
V,56764.755,13.377,0.01
I,56764.756,12.33,0.01
R,56764.756,12.819,0.01
B,56765.26,15.376,0.01
I,56765.26,12.564,0.01
R,56765.26,12.932,0.01
V,56765.26,13.493,0.01
B,56766.762,15.055,0.01
V,56766.762,13.373,0.01
I,56766.763,12.315,0.01
R,56766.763,12.824,0.01
B,56767.26,15.380,0.01
I,56767.26,12.695,0.01
R,56767.26,13.086,0.01
V,56767.26,13.538,0.01
B,56774.8,15.215,0.01
I,56774.8,12.480,0.01
R,56774.8,12.945,0.01
V,56774.8,13.602,0.01
B,56777.9,15.407,0.01
I,56777.9,12.608,0.01
R,56777.9,13.062,0.01
V,56777.9,13.682,0.01
B,56785.8,15.405,0.01
I,56785.8,12.731,0.01
R,56785.8,13.199,0.01
V,56785.8,13.829,0.01
B,56798.9,15.571,0.01
I,56798.9,13.078,0.01
R,56798.9,13.545,0.01
V,56798.9,14.108,0.01
